,,,,Interest Rate,1%,/week
,,,,Allowance,$5.00,/week
,,,,Allowance (age 11),$5.50,/week
,,,,Allowance (age 12),$6.00,
,,,,Current Balance=,$64.26,
Date,Action,Amount,Balance,,,
11/28/2010,Allowance,$5.00,$5.00,,,
12/4/2010,Interest,$0.05,$5.05,,,
12/5/2010,Allowance,$5.00,$10.05,,,
12/15/2010,Withdraw,$10.00,$0.05,toon town,,
12/18/2010,Interest,$0.00,$0.05,,,
12/19/2010,Allowance,$5.00,$5.05,,,
12/21/2010,Withdraw,$4.00,$1.05,half price books,,
12/25/2010,Interest,$0.01,$1.06,,,
12/26/2010,Allowance,$5.00,$6.06,,,
1/1/2011,Interest,$0.06,$6.12,,,
1/2/2011,Allowance,$5.00,$11.12,,,
1/4/2011,Deposit,$5.00,$16.12,,,
1/8/2011,Interest,$0.16,$16.28,,,
1/9/2011,Allowance,$5.00,$21.28,,,
1/9/2011,Deposit,$0.25,$21.53,,,
1/10/2011,Withdraw,$10.00,$11.53,toon town,,
1/15/2011,Deposit,$7.26,$18.79,,,
1/15/2011,Interest,$0.19,$18.98,,,
1/16/2011,Allowance,$5.00,$23.98,,,
1/17/2011,Withdraw,$0.50,$23.48,Scout dues,,
1/18/2011,Withdraw,$3.35,$20.13,sandwich at Hideout,,
1/21/2011,Withdraw,$7.57,$12.56,Kong toy for Pongo,,
1/21/2011,Withdraw,$0.50,$12.06,maid service x 2,,
1/22/2011,Interest,$0.12,$12.18,,,
1/23/2011,Allowance,$5.00,$17.18,,,
1/29/2011,Interest,$0.17,$17.36,,,
1/30/2011,Allowance,$5.00,$22.36,,,
2/1/2011,withdraw,$3.15,$19.21,Hideout,,
2/5/2011,Interest,$0.19,$19.40,,,
2/6/2011,Allowance,$5.00,$24.40,,,
2/8/2011,Withdraw,$2.50,$21.90,Hideout,,
2/10/2011,Withdraw,$10.00,$11.90,ToonTown,,
2/12/2011,Interest,$0.12,$12.02,,,
2/13/2011,Allowance,$5.00,$17.02,,,
2/15/2011,Withdraw,$15.00,$2.02,,,
2/19/2011,Interest,$0.02,$2.04,,,
2/20/2011,Allowance,$5.00,$7.04,,,
2/26/2011,Interest,$0.07,$7.11,,,
2/27/2011,Allowance,$5.00,$12.11,,,
3/4/2011,Withdraw,$9.50,$2.61,Luke's b-day present,,
3/5/2011,Interest,$0.03,$2.63,,,
3/6/2011,Allowance,$5.00,$7.63,,,
3/8/2011,Withdraw,$2.50,$5.13,Hideout,,
3/12/2011,Interest,$0.05,$5.19,,,
3/13/2011,Allowance,$5.00,$10.19,,,
3/15/2011,Withdraw,$10.00,$0.19,ToonTown,,
3/19/2011,Interest,$0.00,$0.19,,,
3/20/2011,Allowance,$5.00,$5.19,,,
3/26/2011,Interest,$0.05,$5.24,,,
3/27/2011,Allowance,$5.00,$10.24,,,
3/30/2011,Withdraw,$3.00,$7.24,bag ban ban ban,,
4/2/2011,Interest,$0.07,$7.31,,,
4/3/2011,Allowance,$5.00,$12.31,,,
4/9/2011,Interest,$0.12,$12.43,,,
4/10/2011,Allowance,$5.00,$17.43,,,
4/11/2011,Withdraw,$10.00,$7.43,Toon Town,,
4/11/2011,Withdraw,$0.25,$7.18,maid service,,
4/12/2011,Withdraw,$4.00,$3.18,Hideout,,
4/16/2011,Interest,$0.03,$3.22,,,
4/17/2011,Allowance,$5.00,$8.22,,,
4/21/2011,Withdraw,$0.25,$7.97,maid service,,
4/22/2011,Withdraw,$6.25,$1.72,Isaac's bday,,
4/23/2011,Interest,$0.02,$1.73,,,
4/24/2011,Allowance,$5.00,$6.73,,,
4/30/2011,Interest,$0.07,$6.80,,,
5/1/2011,Allowance,$5.00,$11.80,,,
5/2/2011,Withdraw,$7.00,$4.80,Mom's BDay present,,
5/8/2011,Interest,$0.05,$4.85,,,
5/9/2011,Allowance,$5.00,$9.85,,,
5/15/2011,Interest,$0.10,$9.95,,,
5/16/2011,Allowance,$5.00,$14.95,,,
5/19/2011,Withdraw,$6.00,$8.95,chick and starter,,
5/20/2011,Withdraw,$0.50,$8.45,maid service,,
5/21/2011,Interest,$0.08,$8.53,,,
5/22/2011,Allowance,$5.00,$13.53,,,
5/27/2011,Deposit,$8.65,$22.18,lawn mowing money,,
5/28/2011,Withdraw,$12.99,$9.19,Legoland discovery center,,
5/28/2011,Interest,$0.09,$9.29,,,
5/29/2011,Allowance,$5.00,$14.29,,,
5/30/2011,Withdraw,$2.99,$11.30,fruit ninja,,
6/4/2011,Interest,$0.11,$11.41,,,
6/5/2011,Allowance,$5.00,$16.41,,,
6/7/2011,Withdraw,$2.30,$14.11,Library book and late fees,,
6/11/2011,Interest,$0.14,$14.25,,,
6/12/2011,Allowance,$5.00,$19.25,,,
6/18/2011,interest,$0.19,$19.44,,,
6/19/2011,Allowance,$5.00,$24.44,,,
6/25/2011,interest,$0.24,$24.69,,,
6/26/2011,Allowance,$5.00,$29.69,,,
7/2/2011,interest,$0.30,$29.98,,,
7/2/2011,Withdraw,$1.75,$28.23,Maid service plus nerf redemptions,,
7/3/2011,Allowance,$5.00,$33.23,,,
7/9/2011,interest,$0.33,$33.57,,,
7/10/2011,Allowance,$5.00,$38.57,,,
7/16/2011,interest,$0.39,$38.95,,,
7/17/2011,Allowance,$5.00,$43.95,,,
7/19/2011,Withdraw,$13.13,$30.83,Lego,,
7/23/2011,interest,$0.31,$31.13,,,
7/24/2011,Allowance,$5.00,$36.13,,,
7/30/2011,Withdraw,$27.06,$9.07,Lego Star Wars III,,
7/30/2011,interest,$0.09,$9.17,,,
7/31/2011,Allowance,$5.50,$14.67,,,
8/6/2011,interest,$0.15,$14.81,,,
8/7/2011,Allowance,$5.50,$20.31,,,
8/13/2011,interest,$0.20,$20.51,,,
8/14/2011,Allowance,$5.50,$26.01,,,
8/20/2011,interest,$0.26,$26.28,,,
8/21/2011,Allowance,$5.50,$31.78,,,
8/27/2011,interest,$0.32,$32.09,,,
8/28/2011,Allowance,$5.50,$37.59,,,
8/31/2011,Withdraw,$30.99,$6.60,"fish, food, and filter",,
9/3/2011,interest,$0.07,$6.67,,,
9/4/2011,Allowance,$5.50,$12.17,,,
9/10/2011,interest,$0.12,$12.29,,,
9/11/2011,Allowance,$5.50,$17.79,,,
9/17/2011,interest,$0.18,$17.97,,,
9/18/2011,Allowance,$5.50,$23.47,,,
9/24/2011,interest,$0.23,$23.70,,,
9/25/2011,Allowance,$5.50,$29.20,,,
9/26/2011,Withdraw,$30.00,-$0.80,lego kit,,
10/1/2011,interest,-$0.01,-$0.80,,,
10/2/2011,Allowance,$5.50,$4.70,,,
10/8/2011,interest,$0.05,$4.74,,,
10/9/2011,Allowance,$5.50,$10.24,,,
10/15/2011,interest,$0.10,$10.34,,,
10/16/2011,Allowance,$5.50,$15.84,,,
10/18/2011,Withdraw,$4.00,$11.84,dinner,,
10/22/2011,interest,$0.12,$11.96,,,
10/23/2011,Allowance,$5.50,$17.46,,,
10/29/2011,interest,$0.17,$17.64,,,
10/30/2011,Allowance,$5.50,$23.14,,,
11/5/2011,interest,$0.23,$23.37,,,
11/6/2011,allowance,$5.50,$28.87,,,
11/12/2011,interest,$0.29,$29.16,,,
11/13/2011,allowance,$5.50,$34.66,,,
11/19/2011,interest,$0.35,$35.00,,,
11/20/2011,allowance,$5.50,$40.50,,,
11/26/2011,interest,$0.41,$40.91,,,
11/27/2011,allowance,$5.50,$46.41,,,
12/3/2011,interest,$0.46,$46.87,,,
12/4/2011,allowance,$5.50,$52.37,,,
12/10/2011,interest,$0.52,$52.90,,,
12/11/2011,allowance,$5.50,$58.40,,,
12/14/2011,Deposit,$40.00,$98.40,,,
12/15/2011,Deposit,$15.00,$113.40,Sale of dinosaurs,,
12/17/2011,interest,$1.13,$114.53,,,
12/18/2011,allowance,$5.50,$120.03,,,
12/20/2011,withdraw,$6.00,$114.03,dad's gift,,
12/23/2011,withdraw,$12.80,$101.23,mom's gift,,
12/23/2011,withdraw,$26.95,$74.28,mine craft,,
12/24/2011,interest,$0.74,$75.02,,,
12/25/2011,allowance,$5.50,$80.52,,,
12/31/2011,interest,$0.81,$81.33,,,
1/1/2012,allowance,$5.50,$86.83,,,
1/3/2012,withdraw,$12.95,$73.88,Amazonia,,
1/7/2012,interest,$0.74,$74.62,,,
1/8/2012,allowance,$5.50,$80.12,,,
1/14/2012,interest,$0.80,$80.92,,,
1/15/2012,allowance,$5.50,$86.42,,,
1/20/2012,withdraw,$20.00,$66.42,bushcraft grub$ & lunch,,
1/21/2012,interest,$0.66,$67.08,,,
1/22/2012,allowance,$5.50,$72.58,,,
1/24/2012,withdraw,$1.00,$71.58,pizza,,
1/25/2012,withdraw,$22.99,$48.59,Thomas' birthday gift,,
1/28/2012,interest,$0.49,$49.08,,,
1/29/2012,allowance,$5.50,$54.58,,,
2/4/2012,interest,$0.55,$55.12,,,
2/5/2012,allowance,$5.50,$60.62,,,
2/11/2012,interest,$0.61,$61.23,,,
2/12/2012,allowance,$5.50,$66.73,,,
2/17/2012,withdraw,$10.00,$56.73,covert ops grub$,,
2/18/2012,interest,$0.57,$57.30,,,
2/19/2012,allowance,$5.50,$62.80,,,
2/25/2012,interest,$0.63,$63.43,,,
3/5/2011,withdraw,$2.00,$61.43,LaraBars,,
2/26/2012,allowance,$5.50,$66.93,,,
3/3/2012,interest,$0.67,$67.60,,,
3/4/2012,allowance,$5.50,$73.10,,,
3/10/2012,interest,$0.73,$73.83,,,
3/11/2012,allowance,$5.50,$79.33,,,
3/17/2012,interest,$0.79,$80.12,,,
3/18/2012,allowance,$5.50,$85.62,,,
3/20/2012,withdraw,$3.22,$82.40,Lego,,
3/24/2012,interest,$0.82,$83.22,,,
3/25/2012,allowance,$5.50,$88.72,,,
3/26/2012,Deposit,$5.00,$93.72,dog walking,,
3/27/2012,deposit,$5.00,$98.72,dog walking,,
3/30/2012,deposit,$5.00,$103.72,dog walking,,
3/31/2012,interest,$1.04,$104.76,,,
4/1/2012,allowance,$5.50,$110.26,,,
4/1/2012,withdraw,$26.78,$83.48,lego kit,,
4/2/2012,deposit,$5.00,$88.48,dog walking,,
4/7/2012,interest,$0.88,$89.37,,,
4/8/2012,allowance,$5.50,$94.87,,,
4/9/2012,deposit,$5.00,$99.87,dog walking,,
4/14/2012,interest,$1.00,$100.86,,,
4/15/2012,allowance,$5.50,$106.36,,,
4/1/2012,withdraw,$20.00,$86.36,tithe - Compassion bday gift,,
4/15/2012,deposit,$2.00,$88.36,chores,,
4/16/2012,deposit,$5.00,$93.36,dog walking,,
4/19/2012,withdraw,$13.50,$79.86,,,
4/21/2012,interest,$0.80,$80.66,,,
4/21/2012,deposit,$5.00,$85.66,dog walking,,
4/22/2012,allowance,$5.50,$91.16,,,
4/22/2012,deposit,$5.00,$96.16,dog walking,,
4/28/2012,deposit,$5.00,$101.16,dog walking,,
4/28/2012,interest,$1.01,$102.18,,,
4/29/2012,allowance,$5.50,$107.68,,,
5/5/2012,interest,$1.08,$108.75,,,
5/6/2012,allowance,$5.50,$114.25,,,
5/8/2012,deposit,$5.00,$119.25,dog walking,,
5/10/2012,deposit,$5.00,$124.25,dog walking,,
5/10/2012,withdraw,$10.72,$113.53,"WalMart - Crazy 9 activity materials, Legos",,
5/12/2012,interest,$1.14,$114.67,,,
5/13/2012,allowance,$5.50,$120.17,,,
5/15/2012,deposit,$5.00,$125.17,dog walking,,
5/17/2012,deposit,$5.00,$130.17,dog walking,,
5/19/2012,interest,$1.30,$131.47,,,
5/20/2012,allowance,$5.50,$136.97,,,
5/21/2012,deposit,$5.00,$141.97,dog walking,,
5/23/2012,deposit,$5.00,$146.97,dog walking,,
5/24/2012,withdraw,$2.00,$144.97,Big Top cash,,
5/26/2012,interest,$1.45,$146.42,,,
5/27/2012,withdraw,$9.71,$136.71,WalMart - backpack,,
5/27/2012,withdraw,$30.00,$106.71,Frontier Camp cash,,
5/27/2012,allowance,$5.50,$112.21,,,
6/2/2012,interest,$1.12,$113.33,,,
6/3/2012,allowance,$5.50,$118.83,,,
6/4/2012,deposit,$6.00,$124.83,dog walking,,
6/8/2012,withdraw,$3.00,$121.83,Lego Minifigure,,
6/9/2012,interest,$1.22,$123.05,,,
6/10/2012,allowance,$5.50,$128.55,,,
6/16/2012,interest,$1.29,$129.83,,,
6/17/2012,allowance,$5.50,$135.33,,,
6/23/2012,interest,$1.35,$136.69,,,
6/24/2012,allowance,$5.50,$142.19,,,
6/30/2012,interest,$1.42,$143.61,,,
7/1/2012,allowance,$5.50,$149.11,,,
7/2/2012,deposit,$43.41,$192.52,leftover from camp,,
7/5/2012,withdraw,$75.00,$117.52,BTSR contribution - let's talk if you think is unfair,,
7/7/2012,interest,$1.18,$118.69,,,
7/8/2012,allowance,$5.50,$124.19,,,
7/13/2012,withdraw,$10.00,$114.19,souvenier in CO,,
7/14/2012,interest,$1.14,$115.34,,,
7/15/2012,allowance,$5.50,$120.84,,,
7/21/2012,interest,$1.21,$122.05,,,
7/22/2012,withdraw,$5.99,$116.06,game on steam,,
7/22/2012,allowance,$5.50,$121.56,,,
7/28/2012,withdraw,$10.00,$111.56,Wii nunchuck,,
7/28/2012,interest,$1.12,$112.67,,,
7/29/2012,allowance,$6.00,$118.17,,,
8/4/2012,interest,$1.18,$119.35,,,
8/5/2012,allowance,$6.00,$124.85,,,
8/11/2012,deposit,$20.00,$144.85,mowing,,
8/11/2012,interest,$1.45,$146.30,,,
8/12/2012,allowance,$6.00,$151.80,,,
8/13/2012,withdraw,$27.00,$124.80,Nerf gun from Target,,
8/18/2012,interest,$1.25,$126.05,,,
8/19/2012,allowance,$6.00,$131.55,,,
8/25/2012,interest,$1.32,$132.86,,,
8/26/2012,allowance,$6.00,$138.36,,,
9/1/2012,interest,$1.38,$139.75,,,
9/2/2012,allowance,$6.00,$145.25,,,
9/5/2012,deposit,$5.00,$150.25,dog walking,,
9/8/2012,interest,$1.50,$151.75,,,
9/9/2012,allowance,$6.00,$157.25,,,
9/10/2012,withdraw,$18.99,$138.26,phone,,
10/27/2012,withdraw,$20.00,$118.26,conference cash,,
10/27/2012,withdraw,$20.00,$98.26,tithe- Dominick gift,,
11/21/2012,withdraw,$15.00,$83.26,Christian's birthday present,,
11/19/2012,withdraw,$3.00,$80.26,minifigure,,
11/15/2012,withdraw,$16.00,$64.26,Caroline's birthday present,,